143.60 38.00 19 -0.76 -1.34 2.10 0.28 2.17 1.45 24 X Y 201001170604A
131.08 30.91 39 0.20 -1.18 0.98 0.50 0.93 1.28 24 X Y 201001250715A
130.66 42.48 579 0.27 0.19 -0.46 0.23 -2.50 -0.59 26 X Y 201002180113A
147.78 44.08 52 1.19 -3.40 2.20 1.90 -1.97 -0.02 24 X Y 201003061331A
141.45 37.62 75 -2.11 0.25 1.86 0.52 0.67 0.79 24 X Y 201003131246A
141.98 37.70 46 5.55 -0.28 -5.27 1.83 4.97 -2.07 25 X Y 201003140808A
138.45 43.28 12 5.07 -0.51 -4.57 -0.23 -1.15 -1.67 24 X Y 201003300102A
141.76 37.42 33 0.88 -0.98 0.09 0.02 -0.30 -0.16 25 X Y 201006130332A
148.94 44.34 31 1.39 -0.37 -1.02 0.46 1.45 -1.03 25 X Y 201006180223A
141.84 30.61 18 3.86 0.40 -4.26 0.19 3.76 0.58 24 X Y 201006281207A
142.77 39.68 35 2.15 0.23 -2.37 0.47 2.35 -0.23 25 X Y 201007042155A
142.32 41.47 61 5.50 -0.10 -5.40 1.76 3.23 -2.03 24 X Y 201009130547A
140.01 37.31 12 1.87 0.03 -1.89 -0.32 0.01 0.37 24 X Y 201009290759A
143.15 42.14 62 2.06 -0.72 -1.34 0.30 1.35 -1.44 24 X Y 201010141358A
146.87 46.82 362 0.71 0.18 -0.89 0.35 -1.57 -0.81 24 X Y 201011021810A
143.26 40.89 24 2.79 0.03 -2.82 1.84 3.46 -0.63 24 X Y 201012060730A
142.29 31.49 12 -2.88 -0.21 3.09 0.25 0.81 -0.56 24 X Y 201101050057A
142.78 38.56 14 0.49 -0.02 -0.47 0.42 1.05 -0.13 27 X Y 201103090245A
142.80 38.33 29 0.95 -0.05 -0.90 0.51 1.15 -0.29 25 X Y 201103091816A
143.50 38.47 18 4.61 -0.24 -4.36 3.09 6.49 -1.45 24 X Y 201103091844A
142.91 38.29 23 0.70 -0.02 -0.68 0.27 0.79 -0.23 25 X Y 201103092122A
142.82 38.27 23 3.79 -0.28 -3.51 1.90 4.42 -1.04 25 X Y 201103092124B
143.61 38.53 17 2.08 -0.12 -1.96 1.50 2.83 -0.64 24 X Y 201103100808A
143.05 37.52 20 1.73 -0.28 -1.45 2.12 4.55 -0.66 29 X Y 201103110546A
141.38 35.92 29 4.39 -0.31 -4.07 3.17 6.34 -1.97 27 X Y 201103110615A
144.63 38.27 21 -3.03 0.03 3.00 -0.41 -0.34 0.47 27 X Y 201103110625A
138.60 37.06 12 2.35 -1.43 -0.92 -2.03 -0.51 -1.96 25 X Y 201103111859A
143.01 39.43 30 -2.84 2.25 0.58 0.70 1.07 0.45 25 X Y 201103111902A
139.09 40.37 14 -0.00 1.92 -1.92 0.42 -0.47 1.48 25 X Y 201103111946A
142.68 38.98 12 -1.93 1.08 0.85 0.41 0.03 -0.73 25 X Y 201103112011A
142.85 38.81 19 -6.09 2.84 3.25 0.43 1.23 -1.45 24 X Y 201103120134A
142.84 37.57 14 -4.95 1.21 3.74 -3.62 -2.70 2.37 25 X Y 201103120147A
143.71 37.63 15 -0.16 -0.57 0.73 0.10 0.30 0.33 25 X Y 201103120247A
141.54 36.03 35 -1.09 0.66 0.42 -0.07 -0.03 0.00 25 X Y 201103120311A
143.52 40.07 29 3.95 -0.88 -3.06 1.74 3.37 -0.31 24 X Y 201103120452A
142.35 39.30 37 -1.82 1.10 0.72 0.50 1.01 0.55 24 X Y 201103120618A
142.28 39.04 36 -3.10 1.27 1.83 -0.42 3.23 -1.15 24 X Y 201103121053A
143.60 37.71 21 -0.60 -0.43 1.02 0.19 0.41 0.29 25 X Y 201103121253A
141.53 37.23 46 1.67 -0.34 -1.34 0.93 1.22 -0.65 25 X Y 201103121315A
142.72 38.76 26 -2.30 0.18 2.12 -0.80 -1.31 -0.69 24 X Y 201103121403A
142.52 39.52 15 0.88 0.14 -1.02 0.15 5.80 0.14 24 X Y 201103121443A
142.94 36.47 12 2.24 -0.46 -1.77 0.88 1.67 -0.95 24 X Y 201103121719A
141.99 37.56 15 -0.86 0.20 0.67 -0.03 0.20 -0.26 25 X Y 201103122212A
141.94 38.07 23 3.05 -0.71 -2.34 0.69 4.59 -1.27 24 X Y 201103122324A
141.81 35.74 12 -1.59 0.29 1.30 0.89 -1.37 -0.52 25 X Y 201103130126A
142.24 36.35 12 5.87 -3.75 -2.12 -1.93 0.61 -1.06 24 X Y 201103130223A
143.55 39.60 22 2.20 -0.09 -2.11 1.65 3.01 -0.55 24 X Y 201103130756A
142.20 38.90 50 2.36 0.07 -2.43 0.87 1.68 -0.51 24 X Y 201103130952A
142.34 37.42 15 -4.88 1.40 3.48 4.55 3.72 -1.85 24 X Y 201103131137A
141.30 35.28 15 0.66 -0.11 -0.56 2.78 2.14 -0.80 24 X Y 201103131755A
141.08 36.43 12 -1.55 -2.98 4.53 1.22 0.30 1.24 24 X Y 201103140102A
142.62 37.77 20 -0.54 -0.34 0.88 -0.69 -0.81 0.13 25 X Y 201103140612A
142.42 37.23 16 2.19 -0.64 -1.54 2.38 2.31 -1.15 24 X Y 201103141759A
142.29 37.44 12 -5.90 0.98 4.92 1.95 2.84 1.93 24 X Y 201103150949A
142.13 37.67 28 0.20 0.35 -0.55 -1.26 0.96 0.19 25 X Y 201103151327A
138.58 35.27 19 0.38 -1.03 0.65 0.04 0.20 -0.66 25 X Y 201103151331A
143.50 40.36 23 0.77 -0.03 -0.73 0.44 0.95 -0.16 25 X Y 201103151523A
141.16 35.17 22 1.87 -2.86 0.99 1.79 1.16 0.13 24 X Y 201103152030A
140.83 35.78 12 -5.92 -0.87 6.79 0.10 2.54 -0.42 24 X Y 201103160352A
142.33 39.87 48 4.40 -0.18 -4.22 1.64 3.29 -1.16 24 X Y 201103160629A
142.55 40.17 41 1.29 0.07 -1.36 0.56 1.21 -0.29 25 X Y 201103170413A
143.46 37.79 12 -1.96 0.24 1.72 0.81 1.95 0.58 24 X Y 201103170612A
140.89 35.58 29 2.39 -1.78 -0.61 0.59 1.03 -0.94 24 X Y 201103171232A
141.42 36.80 39 -6.67 3.07 3.61 -0.82 -0.07 2.22 24 X Y 201103171254A
143.47 37.86 12 -1.49 0.06 1.43 0.29 1.22 0.34 24 X Y 201103180323A
142.36 39.24 25 0.09 0.09 -0.18 1.00 2.86 -0.15 24 X Y 201103182333A
143.29 39.67 22 4.65 -0.06 -4.59 2.44 5.90 -0.92 24 X Y 201103190122A
140.48 36.86 12 -6.88 3.01 3.87 1.33 2.14 -2.71 24 X Y 201103190956A
141.67 37.73 49 2.16 -0.38 -1.78 0.63 1.62 -0.57 24 X Y 201103200555A
142.14 39.39 51 5.07 -0.25 -4.82 2.12 3.67 -1.02 24 X Y 201103201203A
140.99 35.18 18 1.29 -2.53 1.24 3.08 1.39 0.59 24 X Y 201103220338A
144.00 37.11 12 -4.82 1.86 2.96 0.14 1.61 2.57 25 X Y 201103220718A
141.78 37.38 30 -0.20 0.44 -0.24 -2.45 0.52 0.65 25 X Y 201103220919A
143.81 39.84 13 2.14 0.05 -2.20 1.12 2.86 -0.57 25 X Y 201103220944A
143.34 39.90 26 1.91 -0.25 -1.67 1.01 2.43 -0.31 24 X Y 201103221121A
143.29 36.83 12 -2.80 1.12 1.68 -0.04 -0.10 1.30 24 X Y 201103221201A
141.79 36.12 34 3.42 -1.27 -2.15 1.17 1.96 -1.12 24 X Y 201103221204A
141.66 35.77 19 4.57 0.18 -4.75 4.13 1.88 -1.63 24 X Y 201103221350A
141.56 35.88 15 3.37 -3.18 -0.19 -0.64 -1.13 0.40 24 X Y 201103221503A
140.76 37.09 12 -3.65 0.14 3.51 0.71 1.72 1.14 24 X Y 201103222212A
142.34 39.08 37 0.58 0.07 -0.64 0.31 0.69 -0.06 25 X Y 201103240821A
142.17 38.78 46 1.88 -0.04 -1.83 0.82 1.60 -0.49 25 X Y 201103251136A
142.09 38.40 22 -2.28 1.88 0.39 1.85 0.32 -0.64 25 X Y 201103272223A
142.37 37.47 18 -1.64 0.13 1.51 1.55 0.90 0.77 25 X Y 201103291054A
142.63 36.09 12 5.51 -2.11 -3.40 -0.07 0.86 -2.08 24 X Y 201103300529A
142.05 38.97 50 1.07 -0.00 -1.07 0.42 0.84 -0.25 25 X Y 201103310715A
142.17 39.38 48 0.76 -0.03 -0.73 0.33 0.57 -0.16 25 X Y 201104011157A
143.54 40.27 22 1.95 -0.10 -1.85 0.88 2.09 -0.41 24 X Y 201104011703A
141.85 38.32 53 5.99 -1.43 -4.55 -1.11 -1.25 -1.65 26 X Y 201104071432A
131.84 30.04 12 -1.04 -0.05 1.09 0.25 0.35 0.18 25 X Y 201104091257A
140.54 37.00 12 -1.27 0.76 0.51 -0.01 0.44 -0.33 26 X Y 201104110816A
140.53 37.01 12 -1.86 1.95 -0.09 0.45 0.96 0.01 24 X Y 201104111142A
144.50 37.70 15 -2.03 1.37 0.66 0.11 0.47 0.81 24 X Y 201104111753A
140.85 35.42 16 -0.27 -1.88 2.15 -1.71 0.16 -0.48 25 X Y 201104112308A
140.63 37.08 18 0.24 0.22 -0.46 0.55 0.11 -0.73 25 X Y 201104120507A
142.13 39.39 52 2.45 -0.18 -2.26 1.04 1.88 -0.64 24 X Y 201104121937A
143.59 39.63 15 0.81 0.04 -0.85 0.42 1.12 -0.18 25 X Y 201104131957A
143.48 39.64 24 1.40 -0.17 -1.23 0.72 1.45 -0.31 24 X Y 201104132032A
142.25 35.50 12 2.36 -0.34 -2.02 0.91 2.38 -0.79 24 X Y 201104140608A
140.00 36.40 81 3.34 0.44 -3.77 3.17 2.95 -1.13 24 X Y 201104160219A
143.92 36.95 12 -1.75 1.41 0.34 0.42 0.91 0.81 24 X Y 201104162036A
143.85 40.30 15 1.60 -0.09 -1.51 1.24 3.23 -0.53 24 X Y 201104210039A
143.87 40.33 15 1.47 0.17 -1.65 1.90 6.47 -0.08 24 X Y 201104210154A
140.78 35.56 42 1.81 0.09 -1.90 -0.17 1.42 -0.28 25 X Y 201104211337A
141.49 37.55 53 2.74 -0.30 -2.43 0.78 1.88 -0.85 24 X Y 201104211611A
142.91 39.21 30 1.05 -1.00 -0.05 -0.30 0.21 0.19 25 X Y 201104231012A
141.85 37.50 43 2.98 -0.38 -2.60 -0.05 -0.38 -0.73 24 X Y 201104280927A
144.17 38.24 14 -1.12 -0.39 1.51 0.11 0.37 0.84 25 X Y 201105051458A
142.53 40.29 42 3.85 0.09 -3.94 1.32 3.16 -0.84 24 X Y 201105072052A
143.67 37.85 13 -3.13 1.17 1.96 0.30 0.61 1.84 24 X Y 201105092015A
130.98 43.61 564 0.74 2.16 -2.91 1.53 -3.24 2.33 24 X Y 201105101526A
141.67 37.31 41 1.23 -0.14 -1.09 0.40 1.06 -0.40 25 X Y 201105132335A
141.22 35.74 37 4.38 -0.50 -3.88 1.02 3.63 -1.34 24 X Y 201105200046A
140.79 35.64 49 2.10 -0.06 -2.04 -0.15 1.32 -0.39 24 X Y 201105212206A
143.59 37.59 17 -0.86 -2.17 3.02 0.05 1.05 1.36 24 X Y 201105221446A
143.42 39.75 25 3.45 -0.04 -3.41 3.08 6.37 -0.90 24 X Y 201105240340A
143.96 37.35 21 -1.41 0.85 0.56 -0.37 0.41 0.99 25 X Y 201106030005A
143.58 37.73 20 -1.51 -4.76 6.27 2.16 2.81 1.33 24 X Y 201106141306A
141.76 37.68 16 -1.89 3.02 -1.13 -1.90 5.86 -1.17 24 X Y 201106181131A
142.89 40.13 32 2.28 -0.12 -2.16 1.35 2.75 -0.52 24 X Y 201106221429A
142.51 39.99 41 1.05 0.05 -1.09 0.12 1.12 -0.03 26 X Y 201106222150A
141.91 36.33 23 3.51 -0.49 -3.02 1.21 3.07 -1.12 24 X Y 201107061515A
141.11 37.18 55 2.31 -0.59 -1.72 -0.04 0.05 -0.68 24 X Y 201107071835A
143.33 37.98 22 0.49 -3.25 2.76 0.41 1.36 2.12 26 X Y 201107100057A
140.16 36.13 67 2.07 0.27 -2.33 -0.12 1.29 -0.29 24 X Y 201107151201A
142.10 38.96 47 2.82 -0.12 -2.70 1.20 2.50 -0.71 25 X Y 201107230434A
141.66 37.70 48 2.67 -0.41 -2.26 0.95 2.38 -0.88 25 X Y 201107241851A
140.97 35.18 15 0.84 -1.12 0.28 2.73 1.06 0.11 24 X Y 201107251154A
143.60 40.31 19 1.85 -0.03 -1.81 1.08 2.83 -0.39 24 X Y 201107280901A
141.16 37.00 53 3.86 0.09 -3.95 0.84 -1.41 -1.22 25 X Y 201107301853A
142.31 39.87 48 3.36 -0.15 -3.22 1.37 2.65 -0.83 24 X Y 201108011344A
138.39 34.65 19 0.94 -0.97 0.04 0.42 -0.15 0.13 25 X Y 201108011458A
141.25 37.02 50 0.66 -0.10 -0.56 0.37 0.43 -0.27 25 X Y 201108111822A
143.84 36.80 12 -2.18 1.24 0.94 0.22 0.58 1.06 25 X Y 201108171144A
141.71 37.69 48 3.19 -0.07 -3.12 -0.17 -1.19 -0.61 25 X Y 201108190536A
141.99 36.01 18 0.55 -0.10 -0.46 0.32 0.69 -0.22 25 X Y 201108221123A
141.54 36.22 28 1.75 -0.19 -1.55 0.73 2.08 -0.74 25 X Y 201109150800A
143.22 40.20 22 0.71 -0.00 -0.71 0.44 0.94 -0.13 26 X Y 201109161926A
143.82 40.25 32 3.11 -0.44 -2.67 1.20 2.61 -0.74 24 X Y 201109162011A
143.28 40.28 28 0.92 -0.05 -0.87 0.33 1.07 -0.16 25 X Y 201109162108A
143.55 40.11 28 3.78 -0.05 -3.73 1.84 4.54 -0.88 24 X Y 201109162136A
143.51 40.30 24 3.18 -0.39 -2.79 1.25 3.00 -0.64 24 X Y 201109162240A
142.93 40.33 33 2.89 -0.06 -2.83 1.89 2.93 -0.78 24 X Y 201109170734A
143.13 39.93 24 2.38 -0.16 -2.22 1.07 2.41 -0.54 24 X Y 201109180704A
141.48 37.56 53 3.25 -0.40 -2.85 0.84 2.38 -0.93 24 X Y 201110100245A
142.52 43.83 191 -0.76 0.93 -0.17 1.41 -0.25 1.40 25 X Y 201110210802A
141.65 37.32 41 1.35 -0.16 -1.19 0.48 1.27 -0.46 25 X Y 201111231924A
142.94 41.79 43 1.54 -0.36 -1.19 0.58 1.42 -0.68 25 X Y 201111241025A
144.60 46.93 390 0.69 2.34 -3.03 -2.90 -3.32 -2.19 24 X Y 201112091942A
141.89 31.73 12 3.20 0.20 -3.40 -0.33 1.26 -0.25 24 X Y 201112151512A
138.17 31.61 352 -0.37 -0.11 0.48 -0.26 -1.77 -0.52 26 X Y 201201010527A
141.25 37.06 16 -2.81 1.30 1.51 1.18 1.81 1.38 24 X Y 201201120320A
142.51 40.23 44 2.12 0.03 -2.15 0.91 1.74 -0.42 24 X Y 201201280022A
141.68 36.19 27 1.42 -0.32 -1.10 0.71 1.69 -0.75 24 X Y 201202140327A
141.73 36.17 26 4.56 -0.81 -3.75 2.48 5.22 -1.82 24 X Y 201202140621A
141.12 35.47 23 -1.95 0.56 1.39 2.77 0.62 1.15 24 X Y 201202291432A
147.87 45.09 125 0.22 0.97 -1.19 -1.16 -2.63 0.09 24 X Y 201203121232A
144.93 40.88 13 -3.50 3.11 0.38 -0.04 0.57 -0.13 26 X Y 201203140908A
144.90 40.91 19 -1.90 0.50 1.40 0.56 -0.16 0.52 25 X Y 201203141049A
140.89 35.83 23 -1.17 0.20 0.97 0.46 0.04 0.23 25 X Y 201203141205A
139.52 35.86 102 1.57 0.20 -1.77 -1.15 0.76 0.66 24 X Y 201203151920A
142.22 39.76 14 0.84 -0.66 -0.19 -0.66 -0.19 0.86 25 X Y 201203271100A
141.23 37.10 52 4.21 -0.69 -3.52 1.07 3.07 -1.56 24 X Y 201204011404A
141.66 37.48 14 -0.21 0.61 -0.40 0.69 0.51 1.72 24 X Y 201204121450A
141.35 36.98 12 -4.32 0.08 4.24 0.25 -0.15 1.62 24 X Y 201204131010A
140.80 35.68 45 1.92 0.08 -2.00 0.33 1.19 -0.37 24 X Y 201204242022A
140.71 35.62 48 5.09 0.26 -5.35 -0.51 4.20 -0.41 24 X Y 201204291028A
143.60 39.67 17 3.47 -0.01 -3.46 2.26 5.53 -0.61 24 X Y 201205191905A
143.58 39.61 17 2.06 0.03 -2.09 1.45 3.44 -0.34 25 X Y 201205200719A
143.41 39.72 15 0.68 -0.04 -0.64 0.84 2.06 -0.18 24 X Y 201205200820A
142.22 41.39 54 0.90 -0.03 -0.88 0.37 0.61 -0.23 25 X Y 201205231502A
141.21 34.96 15 0.34 -1.99 1.65 0.37 -0.48 -0.05 25 X Y 201206051931A
142.15 38.92 47 2.65 -0.06 -2.59 1.01 2.32 -0.58 25 X Y 201206172032A
142.86 42.39 50 4.85 -3.85 -1.00 -6.30 2.79 -0.46 24 X Y 201208251416A
143.30 39.86 21 0.73 0.02 -0.74 0.60 1.01 -0.20 25 X Y 201210012221A
141.91 38.35 51 2.39 -0.11 -2.28 1.18 1.82 -0.68 24 X Y 201210251032A
143.69 37.86 17 -1.58 -1.09 2.67 0.30 1.62 1.32 24 X Y 201211050430A
144.09 38.01 58 0.51 0.44 -0.95 0.08 -0.14 -0.16 27 X Y 201212070818A
143.83 37.77 20 -0.65 -0.12 0.76 0.04 0.12 0.31 27 X Y 201212070818B
143.90 37.94 25 -2.36 0.16 2.20 0.30 -0.08 1.04 25 X Y 201212070831A
142.24 38.79 44 1.63 -0.11 -1.53 0.71 1.33 -0.44 24 X Y 201212291459A
142.51 40.18 44 1.57 0.05 -1.62 0.73 1.26 -0.35 24 X Y 201301080751A
143.24 42.85 105 -0.33 0.67 -0.35 3.06 -0.16 0.21 26 X Y 201302021417A
141.00 35.22 25 0.60 -1.06 0.47 1.45 0.88 0.05 24 X Y 201302191227A
139.39 36.89 13 -0.55 3.26 -2.71 -0.50 -0.12 -5.55 24 X Y 201302250723A
143.23 39.56 23 0.60 -0.01 -0.59 0.39 0.78 -0.15 25 X Y 201304011853A
143.43 39.50 21 1.18 -0.04 -1.14 0.83 1.78 -0.28 24 X Y 201304020208A
131.02 42.77 572 0.66 -0.25 -0.41 0.10 -3.09 0.45 25 X Y 201304051300A
131.05 42.82 575 2.38 -0.86 -1.52 0.29 -5.18 1.01 24 X Y 201304060029A
134.69 34.43 18 0.57 0.02 -0.59 -0.04 -0.58 0.12 25 X Y 201304122033A
139.37 34.00 12 -0.34 -1.59 1.94 -0.44 -0.44 -4.66 24 X Y 201304170857A
141.70 38.51 56 0.77 -0.07 -0.70 0.20 0.59 -0.18 25 X Y 201304171203A
138.88 30.02 430 -1.34 1.58 -0.25 0.15 -1.02 0.56 25 X Y 201304210322A
141.19 35.73 34 2.58 -0.20 -2.38 0.83 2.37 -0.85 24 X Y 201304291301A
141.72 37.71 50 1.00 -0.14 -0.85 0.35 0.82 -0.36 25 X Y 201305180548A
141.83 38.23 54 0.67 0.09 -0.76 -0.02 -0.14 -0.10 25 X Y 201308040328A
145.22 46.97 378 1.17 3.11 -4.28 -4.68 -3.47 -1.78 24 X Y 201308041556A
133.65 42.19 455 -0.05 -0.21 0.26 0.06 -3.99 0.49 24 X Y 201309020251A
138.79 30.02 412 -2.80 2.56 0.23 2.41 -6.17 -1.64 25 X Y 201309040018A
144.66 37.17 25 -6.29 0.05 6.24 -1.38 -0.64 0.23 26 X Y 201310251710A
144.69 37.21 34 -5.89 1.63 4.26 -0.10 -0.24 0.54 24 X Y 201310252127A
144.53 37.21 32 -3.17 -0.17 3.34 0.73 0.84 0.69 24 X Y 201310271813A
140.21 35.95 65 2.88 0.24 -3.12 -0.27 1.63 -0.56 24 X Y 201311092237A
142.26 41.51 56 1.96 -0.07 -1.89 0.64 1.19 -0.77 24 X Y 201311150200A
140.26 35.57 58 2.13 0.22 -2.35 -0.24 0.48 -0.05 24 X Y 201311161144A
136.86 34.35 340 3.07 -0.44 -2.62 1.33 -2.82 0.74 24 X Y 201311181910A
149.24 44.53 28 0.33 -0.06 -0.28 1.55 0.45 -0.82 25 X Y 201312081724A
140.79 35.60 41 2.46 -0.22 -2.24 0.35 1.46 -1.03 24 X Y 201312140406A
140.79 35.61 45 2.26 -0.13 -2.13 -0.14 1.54 -0.36 24 X Y 201312210134A
142.23 35.52 12 1.50 -0.26 -1.25 0.44 1.15 -0.60 24 X Y 201312230657A
131.82 33.62 83 1.07 -0.37 -0.71 -1.06 3.00 -1.66 25 X Y 201403131706A
141.92 36.35 23 1.44 -0.15 -1.29 0.44 1.17 -0.50 24 X Y 201403290153A
144.22 37.91 12 -3.13 2.63 0.50 0.02 0.81 0.93 24 X Y 201405020915A
139.48 34.89 165 -0.35 -0.37 0.73 0.63 0.99 0.22 25 X Y 201405042018A
141.07 39.45 89 -1.22 -0.06 1.28 -0.90 -2.38 0.28 24 X Y 201406141731A
141.71 36.64 20 -3.24 0.31 2.93 0.20 0.22 0.61 24 X Y 201406151819A
141.21 37.12 53 3.22 -0.51 -2.71 0.82 2.22 -1.28 24 X Y 201406152014A
142.18 39.73 52 3.23 -0.01 -3.21 0.82 2.67 -0.65 24 X Y 201407042242A
142.39 36.97 12 -5.42 -0.83 6.25 -2.13 -4.31 2.13 25 X Y 201407111922A
148.94 44.63 67 2.11 0.43 -2.54 1.72 1.36 -0.69 25 X Y 201407201832A
142.37 41.25 49 1.32 0.03 -1.36 0.58 1.03 -0.35 25 X Y 201408100343A
132.11 32.07 28 5.19 -2.02 -3.17 2.94 5.41 -3.19 24 X Y 201408281914A
139.85 36.07 51 1.76 -1.20 -0.55 0.85 1.06 -0.75 24 X Y 201409160328A
142.68 40.23 37 2.76 -0.25 -2.51 1.15 1.78 -0.81 24 X Y 201410030057A
143.25 41.06 24 0.86 -0.05 -0.81 0.48 1.02 -0.24 25 X Y 201410110235A
143.42 41.01 31 1.33 -0.06 -1.28 0.59 1.43 -0.33 24 X Y 201410110520A
140.60 31.86 71 -2.21 1.43 0.78 -1.09 0.03 1.22 24 X Y 201410152353A
141.69 37.37 42 2.49 -0.27 -2.23 0.94 1.98 -0.80 24 X Y 201411200151A
137.88 36.76 12 2.03 -0.72 -1.31 -1.22 -0.25 -2.07 25 X Y 201411221308A
141.69 37.43 44 0.80 -0.14 -0.66 0.23 0.67 -0.30 25 X Y 201412200929A
143.22 39.78 22 0.86 -0.02 -0.84 0.62 1.16 -0.22 26 X Y 201502162306B
143.83 39.85 12 1.36 0.07 -1.43 0.66 1.77 -0.41 25 X Y 201502200425A
143.74 39.83 12 0.58 0.02 -0.60 0.36 0.78 -0.17 25 X Y 201502211013A
143.32 39.65 22 3.57 -0.20 -3.37 1.65 4.06 -0.82 24 X Y 201502240228A
141.93 30.99 13 0.65 0.04 -0.69 -0.09 0.35 0.13 25 X Y 201502250701A
139.94 31.47 12 4.44 -2.73 -1.72 -1.06 -2.81 -0.83 24 X Y 201505021650A
142.05 31.09 12 0.72 -0.01 -0.72 -0.04 0.25 0.00 25 X Y 201505102125A
142.29 38.89 44 1.37 -0.03 -1.34 0.68 1.30 -0.38 26 X Y 201505122112A
143.00 30.80 17 -2.62 0.67 1.95 -0.25 -0.42 -1.39 25 X Y 201505301849A
142.24 41.49 54 1.19 -0.06 -1.12 0.39 0.86 -0.37 25 X Y 201506080601A
143.64 39.66 22 3.16 -0.18 -2.98 1.32 2.78 -0.63 24 X Y 201506100833A
143.54 39.65 19 2.23 0.00 -2.23 0.64 3.23 -0.20 24 X Y 201506110445A
143.52 39.61 25 1.80 -0.06 -1.74 1.49 2.91 -0.41 24 X Y 201506110451A
148.12 43.93 54 2.18 0.07 -2.25 2.58 1.30 -0.73 25 X Y 201507070510A
141.44 40.43 87 2.13 -0.55 -1.58 0.53 -1.43 -1.59 24 X Y 201507091832A
131.77 33.04 58 0.14 -0.82 0.68 0.15 1.10 1.68 24 X Y 201507121752A
141.80 31.16 12 0.60 0.14 -0.74 -0.03 0.28 -0.12 25 X Y 201509011524A
142.72 41.89 51 1.66 -0.45 -1.21 0.54 1.04 -0.69 24 X Y 201509121338A
128.67 31.13 12 -0.37 0.80 -0.44 0.08 0.38 1.53 26 X Y 201511132051B
128.69 31.39 12 -0.90 2.04 -1.13 2.00 0.60 4.56 24 X Y 201511141920A
146.56 43.33 76 -0.43 1.27 -0.84 2.00 1.34 -0.27 24 X Y 201511280251A
129.75 44.83 587 2.43 0.80 -3.23 -3.50 -3.66 -4.05 24 X Y 201601020422A
132.83 30.57 13 -0.38 -0.44 0.83 -0.05 0.36 0.25 25 X Y 201601050221A
141.01 44.46 254 -2.07 0.93 1.14 1.69 0.24 -1.80 25 X Y 201601111708A
142.78 42.00 54 0.93 -0.19 -0.74 0.29 0.73 -0.38 26 X Y 201601140325B
138.67 30.43 422 -4.00 4.11 -0.11 2.93 -1.29 1.38 24 X Y 201602141809A
136.45 33.22 19 0.54 -0.31 -0.23 0.56 0.49 -0.26 25 X Y 201604010239A
130.74 32.77 15 -0.33 2.06 -1.74 0.10 -0.47 1.08 25 X Y 201604141226A
130.74 32.81 19 -0.98 1.73 -0.75 0.29 -0.45 1.23 24 X Y 201604141307A
130.69 32.71 12 0.01 0.97 -0.98 0.22 -0.12 0.58 25 X Y 201604141503A
130.77 32.84 13 -1.66 5.06 -3.40 0.38 0.94 0.82 26 X Y 201604151625A
131.12 33.00 13 0.10 2.21 -2.31 0.16 -0.51 0.09 24 X Y 201604181142A
141.77 37.81 48 0.70 -0.06 -0.64 0.28 0.62 -0.22 25 X Y 201604201219A
147.65 43.66 74 -0.90 2.99 -2.09 2.66 1.87 -2.63 24 X Y 201605030000A
140.07 30.98 144 0.84 -0.12 -0.72 -0.44 -2.24 -1.05 24 X Y 201605210606A
142.24 37.08 22 2.58 -0.22 -2.35 1.03 2.59 -0.92 24 X Y 201606262257A
141.73 37.37 39 0.54 0.31 -0.85 -0.23 1.76 -0.65 24 X Y 201608150704A
143.91 40.33 12 0.68 -0.01 -0.67 0.41 1.03 -0.17 25 X Y 201608200901A
143.79 40.30 15 0.41 -0.04 -0.37 0.43 0.84 -0.14 25 X Y 201608201558A
137.78 30.69 473 -0.28 0.66 -0.38 0.46 -0.38 0.41 25 X Y 201608251704A
137.96 31.78 343 -0.24 -0.30 0.54 -1.47 -1.37 -0.04 24 X Y 201609031226A
141.13 36.35 40 1.79 -0.09 -1.70 0.51 1.29 -0.73 24 X Y 201609091153A
129.12 35.79 20 0.23 1.55 -1.78 0.72 -0.26 1.39 24 X Y 201609121132A
142.09 30.53 12 1.02 -0.02 -0.99 -0.47 0.40 0.20 25 X Y 201609201621A
141.74 34.47 12 1.97 -0.10 -1.87 -0.10 0.95 0.30 25 X Y 201609230014A
133.72 35.40 16 -0.19 1.94 -1.74 -0.15 -0.86 -2.07 25 X Y 201610210507B
148.26 44.07 35 0.64 -0.25 -0.39 0.17 0.46 -0.42 25 X Y 201610232025A
141.76 38.46 54 1.65 -0.06 -1.59 0.44 1.37 -0.41 25 X Y 201611112142A
141.46 37.31 12 -2.97 1.67 1.30 0.80 0.75 1.50 26 X Y 201611212059A
141.28 37.19 12 -6.41 0.84 5.58 1.50 2.18 1.97 24 X Y 201611232123A
140.52 36.82 12 -0.77 0.26 0.52 0.17 0.21 -0.32 25 X Y 201612281238A
140.74 35.64 45 1.84 -0.16 -1.68 0.03 1.13 -0.40 24 X Y 201702190919A
141.45 37.56 53 4.74 -0.40 -4.34 0.96 3.16 -1.30 24 X Y 201702280749A
142.16 41.49 55 3.56 -0.43 -3.13 1.23 2.32 -1.27 24 X Y 201703071608A
131.43 30.82 26 -4.89 -0.02 4.91 1.84 2.89 0.71 24 X Y 201704291232A
147.85 43.88 55 1.56 1.09 -2.65 1.55 0.79 -0.85 24 X Y 201705221100A
147.98 43.77 65 -0.50 1.78 -1.27 1.52 1.27 -0.44 24 X Y 201706281207A
131.56 40.89 556 -0.08 0.67 -0.59 -0.15 -0.47 -0.54 25 X Y 201707121948A
141.70 37.32 42 6.22 -0.83 -5.39 2.09 4.80 -1.88 24 X Y 201707200011A
143.47 40.09 24 2.09 -0.20 -1.88 0.83 1.84 -0.35 24 X Y 201707231535A
142.96 41.80 45 2.93 -0.73 -2.21 0.82 1.87 -1.04 24 X Y 201709100844A
144.69 38.02 17 -1.83 0.17 1.66 0.43 1.75 0.95 25 X Y 201709201637A
142.53 40.31 44 0.72 -0.01 -0.71 0.28 0.56 -0.17 25 X Y 201709262022A
144.00 37.48 14 -1.84 -0.18 2.01 0.25 0.88 1.43 25 X Y 201710060759A
141.25 37.10 53 4.48 -0.77 -3.71 1.14 2.92 -1.58 24 X Y 201710061456A
141.52 32.45 19 1.07 0.08 -1.15 -0.07 0.46 -0.03 25 X Y 201711090742A
145.01 38.07 14 -1.10 0.42 0.69 0.09 0.08 0.48 25 X Y 201711122224A
129.21 36.13 12 1.12 1.08 -2.21 -0.62 -0.82 -0.62 24 X Y 201711150529A
140.55 32.29 84 2.24 -0.04 -2.20 0.12 -6.24 -4.15 24 X Y 201711160943A
146.34 45.31 17 1.91 -0.81 -1.11 -0.87 -1.08 -0.95 24 X Y 201711292232A
132.14 30.77 12 -2.14 -0.02 2.17 0.92 0.31 0.40 24 X Y 201712201340A
142.55 41.07 44 3.97 0.16 -4.13 1.79 3.32 -1.12 25 X Y 201801241051A
141.71 37.55 38 1.75 -0.97 -0.78 3.54 1.00 -0.98 24 X Y 201802251628A
147.96 44.98 109 -0.51 0.53 -0.02 -0.89 -1.94 0.27 24 X Y 201803041952A
140.75 32.58 66 2.60 0.51 -3.11 0.66 -2.19 -2.91 24 X Y 201803251437A
132.48 35.17 18 -0.15 4.28 -4.13 -0.23 -1.18 -2.05 24 X Y 201804081632A
145.73 43.34 92 -1.39 1.36 0.04 1.94 0.66 0.76 24 X Y 201804240853A
145.49 42.72 31 3.97 -2.21 -1.75 2.08 3.75 -2.66 24 X Y 201805171842A
148.05 43.94 15 0.72 0.63 -1.35 -1.43 -1.45 0.87 24 X Y 201806020948A
131.69 31.23 37 1.97 -0.25 -1.73 0.58 1.05 -0.55 24 X Y 201806111954A
135.47 34.83 17 1.65 1.84 -3.50 0.22 -1.13 -0.87 24 X Y 201806172258A
140.56 35.11 45 0.22 0.64 -0.86 -0.11 0.30 -0.48 25 X Y 201807071123A
141.20 37.21 12 -1.74 1.22 0.51 0.26 0.62 0.85 24 X Y 201807310842A
144.01 37.87 30 -2.68 -0.20 2.88 -1.18 0.21 1.52 24 X Y 201808071512A
142.04 42.75 31 0.77 0.01 -0.78 -0.11 0.83 0.42 26 X Y 201809051807A
142.01 42.78 36 2.30 -0.28 -2.02 -0.03 -0.45 0.45 24 X Y 201809052111A
141.94 38.31 50 4.54 -0.12 -4.43 1.86 3.17 -1.20 24 X Y 201810251836A
145.68 44.59 12 3.83 -1.85 -1.98 -1.18 -1.39 -2.12 24 X Y 201810260304A
140.37 31.67 105 -0.81 1.20 -0.39 -0.03 -1.95 -0.32 24 X Y 201810290127A
145.68 44.60 12 1.06 -0.13 -0.93 -0.36 -0.41 -0.41 25 X Y 201811041926A
130.11 30.43 129 0.83 -0.23 -0.60 0.40 2.47 -0.30 24 X Y 201811201909A
143.18 41.47 12 1.53 -2.12 0.59 -0.35 -1.00 -0.31 24 X Y 201811280223A
141.83 33.98 20 3.90 -0.43 -3.46 0.51 1.33 -0.10 24 X Y 201812240018A
141.96 33.94 22 3.47 -0.57 -2.90 0.15 1.37 0.01 24 X Y 201812240043A
