-33.8462 575.385 870
25.3846 581.538 793
79.2308 575.385 755
143.846 581.538 690
256.923 581.538 800
36.1538 520 800
106.154 513.846 730
133.077 526.154 728
133.077 550.769 710
208.462 544.615 780
235.385 507.692 804
283.846 520 855
-39.2308 464.615 830
-1.53846 458.462 813
73.8462 495.385 762
84.6154 476.923 765
111.538 476.923 740
138.462 476.923 765
170.769 483.077 760
213.846 458.462 790
289.231 464.615 820
-1.53846 396.923 855
41.5385 433.846 812
79.2308 433.846 773
149.231 415.385 812
192.308 396.923 827
230 396.923 805
289.231 409.231 840
-33.8462 347.692 890
57.6923 366.154 820
154.615 341.538 873
289.231 335.385 875
-17.6923 304.615 873
30.7692 310.769 865
63.0769 310.769 841
63.0769 267.692 862
116.923 267.692 908
192.308 310.769 855
246.154 304.615 850
256.923 261.538 882
283.846 261.538 910
-28.4615 230.769 940
25.3846 236.923 915
25.3846 206.154 890
63.0769 243.077 880
73.8462 218.462 870
116.923 200 880
170.769 249.231 960
240.769 224.615 890
273.077 206.154 860
256.923 384.615 830
143.846 569.231 705
